Run semi-empirical minimization
 &qmmm
    qm_theory='AM1', grms_tol=0.0005,
 scfconv=1.d-10, ndiis_attempts=700,   qmcharge=0,
 /
   6    C1        2.1720        0.0130        0.0570 
   7    N1        0.9340        0.7490        0.2450 
   6    C2       -0.2480        0.0830       -0.3420 
   6    C3       -0.5360       -1.2950        0.2500 
   6    C4       -1.4780        0.9650       -0.0990 
   8    O1       -1.6990        1.6650        0.8790 
   8    O2       -2.3940        0.8720       -1.0860 
   1    H1        2.1890       -0.9170        0.6330 
   1    H2        3.0110        0.6260        0.4000 
   1    H3        2.3440       -0.2150       -1.0000 
   1    H4        0.7650        0.9180        1.2380 
   1    H5       -0.1030        0.0100       -1.4270 
   1    H6       -1.4840       -1.6920       -0.1300 
   1    H7       -0.6170       -1.2510        1.3420 
   1    H8        0.2470       -2.0160       -0.0080 
   1    H9       -3.1030        1.4850       -0.7980 

